0 0.81953125 0.7453125 0.0625 0.159375
0 0.7515625 0.1453125 0.2015625 0.09375
0 0.35 0.2703125 0.059375 0.0453125
0 0.27109375 0.375 0.03125 0.046875
0 0.33125 0.4453125 0.0546875 0.0328125
0 0.18828125 0.8140625 0.0375 0.0953125
0 0.1203125 0.86953125 0.034375 0.075
0 0.31875 0.8421875 0.0515625 0.028125
0 0.32421875 0.76953125 0.0421875 0.021875
0 0.2625 0.66015625 0.028125 0.0328125
0 0.70078125 0.5625 0.05 0.0375
0 0.54765625 0.82421875 0.03125 0.0234375
0 0.5546875 0.93046875 0.03125 0.0203125
0 0.3125 0.66328125 0.0234375 0.0265625