0 0.965625 0.87890625 0.065625 0.1609375
0 0.78984375 0.26484375 0.2109375 0.0984375
0 0.40703125 0.3265625 0.0640625 0.0453125
0 0.34765625 0.4203125 0.0359375 0.0484375
0 0.421875 0.5 0.0578125 0.034375
0 0.3484375 0.84765625 0.0484375 0.0953125
0 0.28984375 0.89296875 0.0421875 0.075
0 0.48671875 0.896875 0.0546875 0.0296875
0 0.47734375 0.82421875 0.04375 0.021875
0 0.39375 0.70546875 0.03125 0.0328125
0 0.81875 0.6765625 0.053125 0.0390625
0 0.71484375 0.915625 0.034375 0.025
0 0.4453125 0.71640625 0.0265625 0.0265625