0 0.84765625 0.78984375 0.0578125 0.15625
0 0.75859375 0.18515625 0.1984375 0.084375
0 0.36015625 0.2890625 0.0578125 0.0421875
0 0.28515625 0.390625 0.0296875 0.0453125
0 0.34765625 0.46328125 0.053125 0.03125
0 0.2171875 0.825 0.034375 0.09375
0 0.15078125 0.87734375 0.03125 0.0734375
0 0.34921875 0.86015625 0.0515625 0.0265625
0 0.3515625 0.7875 0.0421875 0.01875
0 0.2859375 0.67578125 0.0265625 0.03125
0 0.721875 0.60078125 0.0484375 0.0359375
0 0.578125 0.8546875 0.03125 0.021875
0 0.58828125 0.96171875 0.03125 0.01875
0 0.33671875 0.68046875 0.021875 0.025