0 0.46640625 0.36796875 0.0203125 0.1109375
0 0.0859375 0.3875 0.0234375 0.1140625
0 0.50390625 0.48359375 0.0265625 0.1609375
0 0.06015625 0.4875 0.025 0.1078125
0 0.2703125 0.4984375 0.028125 0.1359375
0 0.79453125 0.50546875 0.0265625 0.11875
0 0.0484375 0.6265625 0.025 0.1609375
0 0.57421875 0.64296875 0.03125 0.1921875
0 0.28046875 0.64453125 0.034375 0.146875
0 0.90546875 0.65859375 0.0484375 0.153125
0 0.7875 0.2109375 0.028125 0.09375
0 0.61953125 0.2265625 0.03125 0.0890625
0 0.4421875 0.24296875 0.0359375 0.146875
0 0.278125 0.28046875 0.0203125 0.0859375
0 0.971875 0.33203125 0.028125 0.1296875
0 0.70625 0.35 0.0265625 0.1296875