0 0.7046875 0.35703125 0.0375 0.0609375
0 0.03046875 0.3609375 0.05 0.04375
0 0.1453125 0.3625 0.0328125 0.0703125
0 0.24921875 0.3625 0.03125 0.0859375
0 0.853125 0.3640625 0.040625 0.0609375
0 0.3484375 0.36640625 0.0203125 0.0640625
0 0.7375 0.39453125 0.03125 0.0640625
0 0.34609375 0.41640625 0.0171875 0.0546875
0 0.128125 0.42109375 0.0296875 0.0578125
0 0.49453125 0.4359375 0.028125 0.05
0 0.24765625 0.4375 0.0296875 0.0359375
0 0.35859375 0.45546875 0.0296875 0.05
0 0.225 0.45703125 0.0296875 0.0546875
0 0.078125 0.5234375 0.034375 0.0390625
0 0.21875 0.5265625 0.0296875 0.0546875
0 0.17421875 0.5625 0.0203125 0.071875
0 0.2609375 0.58046875 0.0296875 0.0578125
0 0.0890625 0.59140625 0.040625 0.0828125
0 0.05078125 0.6359375 0.0296875 0.1046875
0 0.146875 0.6609375 0.0375 0.0828125
0 0.28984375 0.70546875 0.0203125 0.071875
0 0.778125 0.075 0.0375 0.0796875
0 0.02890625 0.7734375 0.034375 0.0546875
0 0.2984375 0.81640625 0.0171875 0.0359375
0 0.83828125 0.0859375 0.0328125 0.0359375
0 0.17109375 0.82890625 0.0375 0.0859375
0 0.0234375 0.8515625 0.040625 0.0796875
0 0.8703125 0.09140625 0.0234375 0.0359375
0 0.15546875 0.89296875 0.034375 0.06875
0 0.153125 0.09453125 0.025 0.046875
0 0.9625 0.10390625 0.034375 0.0328125
0 0.534375 0.11796875 0.0234375 0.071875
0 0.6875 0.1234375 0.040625 0.1328125
0 0.89375 0.1359375 0.040625 0.05
0 0.40625 0.1375 0.0375 0.1140625
0 0.31953125 0.1515625 0.0375 0.05
0 0.11640625 0.1625 0.0296875 0.0359375
0 0.91953125 0.16640625 0.0296875 0.04375
0 0.80859375 0.16796875 0.0328125 0.075
0 0.49453125 0.18203125 0.0375 0.0828125
0 0.21015625 0.19609375 0.040625 0.053125
0 0.88359375 0.2109375 0.0375 0.0359375
0 0.93515625 0.21796875 0.0203125 0.0546875
0 0.78125 0.225 0.0234375 0.05625
0 0.40078125 0.2265625 0.0203125 0.046875
0 0.096875 0.23203125 0.0265625 0.0359375
0 0.67890625 0.23359375 0.0171875 0.0640625
0 0.29375 0.2515625 0.03125 0.1109375
0 0.9625 0.25390625 0.0203125 0.046875
0 0.18984375 0.26640625 0.0203125 0.0359375
0 0.08671875 0.26796875 0.0265625 0.0390625
0 0.39609375 0.26953125 0.0296875 0.046875
0 0.49453125 0.2734375 0.0375 0.075
0 0.375 0.29140625 0.0265625 0.05
0 0.83125 0.29453125 0.0296875 0.0359375
0 0.71171875 0.30703125 0.028125 0.0859375
0 0.36875 0.34296875 0.0234375 0.05
0 0.48671875 0.35390625 0.0265625 0.0890625