0 0.88671875 0.56796875 0.04375 0.121875
0 0.69453125 0.5765625 0.046875 0.0859375
0 0.51484375 0.58203125 0.0609375 0.0828125
0 0.1390625 0.5859375 0.06875 0.0828125
0 0.31875 0.5984375 0.0609375 0.0546875
0 0.715625 0.79140625 0.06875 0.0890625
0 0.325 0.8015625 0.0546875 0.0828125
0 0.5234375 0.80390625 0.0640625 0.1046875
0 0.121875 0.80390625 0.0515625 0.1046875
0 0.89765625 0.80390625 0.0609375 0.1
0 0.6984375 0.09140625 0.0546875 0.0796875
0 0.5171875 0.0984375 0.0609375 0.0828125
0 0.12421875 0.10546875 0.0515625 0.096875
0 0.865625 0.10859375 0.0609375 0.0546875
0 0.3203125 0.10859375 0.05625 0.0640625
0 0.325 0.3375 0.0515625 0.1109375
0 0.12578125 0.34140625 0.04375 0.1390625
0 0.5171875 0.34296875 0.0515625 0.1078125
0 0.86953125 0.34453125 0.0515625 0.0703125
0 0.70546875 0.34609375 0.0640625 0.1