0 0.2375 0.04140625 0.0203125 0.046875
0 0.0328125 0.4140625 0.0234375 0.0640625
0 0.4234375 0.04453125 0.0203125 0.05
0 0.24375 0.43359375 0.0234375 0.0546875
0 0.0953125 0.5375 0.0265625 0.0640625
0 0.06796875 0.05703125 0.0203125 0.0359375
0 0.7265625 0.0625 0.0171875 0.046875
0 0.13828125 0.69453125 0.0296875 0.0640625
0 0.1859375 0.07890625 0.0203125 0.046875
0 0.3734375 0.09140625 0.0234375 0.046875
0 0.5140625 0.09296875 0.0234375 0.03125
0 0.04765625 0.09453125 0.0203125 0.0359375
0 0.17109375 0.11953125 0.0296875 0.04375
0 0.30859375 0.125 0.0265625 0.05
0 0.47265625 0.1390625 0.0203125 0.046875
0 0.06015625 0.14609375 0.025 0.0609375
0 0.3171875 0.1765625 0.0234375 0.0453125
0 0.15703125 0.19296875 0.0296875 0.04375
0 0.59375 0.19609375 0.0203125 0.05
0 0.225 0.21640625 0.0234375 0.0546875
0 0.4109375 0.21953125 0.0265625 0.05625
0 0.0890625 0.2234375 0.0203125 0.05
0 0.2734375 0.27890625 0.0234375 0.0546875
0 0.0890625 0.2984375 0.0234375 0.05625
0 0.43828125 0.33046875 0.0203125 0.0546875
0 0.15390625 0.33046875 0.0234375 0.0609375