0 0.25546875 0.48671875 0.0828125 0.0640625
0 0.55859375 0.61015625 0.0515625 0.0703125
0 0.44296875 0.58203125 0.05078125 0.0265625
0 0.36796875 0.54453125 0.01875 0.0203125
0 0.3171875 0.52265625 0.01953125 0.0234375
0 0.28671875 0.4 0.01015625 0.021875
0 0.3109375 0.39921875 0.0171875 0.0328125
0 0.3671875 0.3921875 0.02890625 0.025
0 0.4421875 0.40703125 0.09140625 0.0515625
0 0.50859375 0.40859375 0.01875 0.0171875
0 0.82578125 0.665625 0.01953125 0.028125
0 0.9 0.6125 0.0265625 0.028125
0 0.6921875 0.68984375 0.16953125 0.1390625
0 0.77578125 0.56171875 0.00859375 0.0140625