0 0.1140625 0.9125 0.0265625 0.0390625
0 0.165625 0.909375 0.0359375 0.0421875
0 0.2234375 0.90546875 0.0390625 0.03125
0 0.29921875 0.86953125 0.021875 0.0328125
0 0.4421875 0.6671875 0.015625 0.0296875
0 0.51875 0.690625 0.0328125 0.028125
0 0.55859375 0.675 0.025 0.0234375
0 0.60625 0.65234375 0.021875 0.0296875
0 0.59609375 0.60234375 0.015625 0.034375
0 0.73984375 0.603125 0.0328125 0.0296875
0 0.79140625 0.5625 0.0421875 0.0359375
0 0.8546875 0.53125 0.0140625 0.021875
0 0.890625 0.5140625 0.025 0.028125
0 0.3796875 0.81640625 0.0390625 0.0375
0 0.42578125 0.77890625 0.0125 0.0359375