0 0.48671875 0.74453125 0.0640625 0.0828125
0 0.61015625 0.44140625 0.0703125 0.0515625
0 0.58203125 0.55703125 0.0265625 0.05
0 0.54453125 0.63203125 0.0203125 0.01875
0 0.52265625 0.6828125 0.0234375 0.01875
0 0.4 0.71328125 0.021875 0.009375
0 0.39921875 0.6890625 0.0328125 0.0171875
0 0.3921875 0.6328125 0.025 0.028125
0 0.40703125 0.5578125 0.0515625 0.090625
0 0.40859375 0.49140625 0.0171875 0.01875
0 0.665625 0.17421875 0.028125 0.01875
0 0.6125 0.1 0.028125 0.0265625
0 0.68984375 0.3078125 0.1390625 0.16875
0 0.56171875 0.22421875 0.0140625 0.009375