0 0.91796875 0.07578125 0.025 0.034375
0 0.86640625 0.071875 0.034375 0.0375
0 0.809375 0.06796875 0.0375 0.0265625
0 0.7328125 0.09296875 0.021875 0.0296875
0 0.5828125 0.27421875 0.0140625 0.028125
0 0.5078125 0.23984375 0.03125 0.0234375
0 0.46796875 0.25 0.025 0.0203125
0 0.41953125 0.26640625 0.0203125 0.0265625
0 0.428125 0.3171875 0.015625 0.03125
0 0.284375 0.29609375 0.03125 0.025
0 0.23203125 0.3296875 0.040625 0.0296875
0 0.16796875 0.3515625 0.0140625 0.0203125
0 0.13125 0.3640625 0.0234375 0.025
0 0.65078125 0.134375 0.0390625 0.03125
0 0.603125 0.165625 0.0109375 0.034375