0 0.20625 0.93125 0.0296875 0.0375
0 0.25859375 0.9390625 0.040625 0.0390625
0 0.31640625 0.94765625 0.040625 0.0296875
0 0.3890625 0.92890625 0.025 0.03125
0 0.51484375 0.76015625 0.0171875 0.0296875
0 0.59453125 0.8 0.0359375 0.0265625
0 0.6328125 0.79375 0.0265625 0.021875
0 0.67890625 0.78125 0.0234375 0.028125
0 0.6640625 0.7296875 0.01875 0.0328125
0 0.81015625 0.7625 0.034375 0.028125
0 0.8578125 0.7328125 0.0453125 0.0328125
0 0.91953125 0.71640625 0.0171875 0.021875
0 0.9546875 0.70703125 0.0265625 0.0265625
0 0.465625 0.89375 0.0421875 0.034375
0 0.509375 0.86640625 0.015625 0.0359375