0 0.54765625 0.60859375 0.015625 0.0890625
0 0.64765625 0.6109375 0.015625 0.071875
0 0.865625 0.6109375 0.015625 0.0671875
0 0.7484375 0.6125 0.01875 0.075
0 0.44375 0.6140625 0.015625 0.075
0 0.228125 0.6140625 0.015625 0.0703125
0 0.3421875 0.6234375 0.015625 0.0609375
0 0.128125 0.62890625 0.015625 0.0546875
0 0.66015625 0.7875 0.0203125 0.046875
0 0.8921875 0.79140625 0.01875 0.0546875
0 0.29765625 0.79296875 0.01875 0.0546875
0 0.528125 0.79453125 0.01875 0.046875
0 0.134375 0.80390625 0.015625 0.05