0 0.8546875 0.50546875 0.078125 0.1546875
0 0.65 0.50859375 0.053125 0.1640625
0 0.278125 0.5109375 0.04375 0.14375
0 0.1015625 0.5125 0.053125 0.14375
0 0.45859375 0.5125 0.053125 0.1609375
0 0.8578125 0.76953125 0.053125 0.16875
0 0.6546875 0.77109375 0.0625 0.1640625
0 0.2875 0.775 0.0578125 0.1359375
0 0.10390625 0.7765625 0.04375 0.1359375
0 0.45390625 0.7890625 0.04375 0.1296875
0 0.628125 0.1109375 0.0625 0.0546875
0 0.46171875 0.1109375 0.0296875 0.0546875
0 0.840625 0.1125 0.078125 0.0609375
0 0.275 0.12109375 0.0484375 0.05
0 0.115625 0.12890625 0.0296875 0.0390625
0 0.840625 0.29609375 0.034375 0.0890625
0 0.6453125 0.2984375 0.0484375 0.075
0 0.4640625 0.30390625 0.0390625 0.0609375
0 0.28046875 0.30703125 0.04375 0.0546875
0 0.10625 0.3109375 0.04375 0.0359375