0 0.24296875 0.8390625 0.03671875 0.02421875
0 0.2921875 0.8234375 0.0390625 0.04140625
0 0.4203125 0.778125 0.11640625 0.10390625
0 0.40234375 0.6859375 0.0125 0.01640625
0 0.4859375 0.690625 0.14453125 0.090625
0 0.625 0.7296875 0.06640625 0.08671875
0 0.6671875 0.75859375 0.01328125 0.025
0 0.72109375 0.721875 0.02734375 0.03515625
0 0.6265625 0.60625 0.01640625 0.01953125
0 0.5453125 0.85390625 0.04453125 0.0109375
0 0.58828125 0.85390625 0.01484375 0.01015625
0 0.625 0.853125 0.01640625 0.0109375
0 0.6890625 0.84921875 0.05546875 0.01171875
0 0.72421875 0.86328125 0.06484375 0.01484375
0 0.87265625 0.8609375 0.0546875 0.01328125
0 0.88515625 0.8109375 0.01328125 0.01328125
0 0.79296875 0.85 0.0125 0.01328125