0 0.18671875 0.69296875 0.34921875 0.303125
0 0.80546875 0.6859375 0.13046875 0.19140625
0 0.3984375 0.53671875 0.26953125 0.0625
0 0.76171875 0.40546875 0.29296875 0.0359375
0 0.5734375 0.57265625 0.04140625 0.06875
0 0.62265625 0.6765625 0.01796875 0.04375
0 0.015625 0.41015625 0.025 0.0234375
0 0.234375 0.40546875 0.0296875 0.0171875
0 0.9734375 0.41953125 0.0484375 0.0125
0 0.2578125 0.43828125 0.03515625 0.015625
0 0.27109375 0.46015625 0.0625 0.028125
0 0.35625 0.45234375 0.04140625 0.01875
0 0.365625 0.4921875 0.0296875 0.0234375
0 0.42734375 0.4984375 0.04453125 0.0234375
0 0.22265625 0.48984375 0.01796875 0.025
0 0.6171875 0.79140625 0.0765625 0.11640625