0 0.30703125 0.18671875 0.303125 0.35
0 0.3140625 0.80546875 0.190625 0.13125
0 0.46328125 0.3984375 0.0625 0.26875
0 0.59453125 0.76171875 0.0359375 0.29375
0 0.42734375 0.5734375 0.06875 0.040625
0 0.3234375 0.62265625 0.04375 0.01875
0 0.58984375 0.015625 0.0234375 0.025
0 0.59453125 0.234375 0.0171875 0.0296875
0 0.58046875 0.9734375 0.0125 0.0484375
0 0.56171875 0.2578125 0.015625 0.034375
0 0.53984375 0.27109375 0.028125 0.0625
0 0.54765625 0.35625 0.01875 0.040625
0 0.5078125 0.365625 0.0234375 0.0296875
0 0.5015625 0.42734375 0.0234375 0.04375
0 0.51015625 0.22265625 0.025 0.01875
0 0.20859375 0.6171875 0.115625 0.0765625