0 0.3921875 0.16484375 0.028125 0.0390625
0 0.08828125 0.5453125 0.1765625 0.1828125
0 0.30078125 0.528125 0.2234375 0.1078125
0 0.22734375 0.72421875 0.075 0.075
0 0.2921875 0.77421875 0.04375 0.046875
0 0.35234375 0.7546875 0.0703125 0.1484375
0 0.3796875 0.625 0.046875 0.0640625
0 0.434375 0.6375 0.05625 0.08125
0 0.41640625 0.55390625 0.0625 0.06875
0 0.6125 0.59765625 0.04375 0.0703125
0 0.66953125 0.6109375 0.059375 0.075
0 0.77578125 0.57578125 0.1578125 0.1703125
0 0.9140625 0.62421875 0.084375 0.115625
0 0.5578125 0.58984375 0.0375 0.05625