0 0.2578125 0.8515625 0.0375 0.0265625
0 0.30625 0.8390625 0.0390625 0.04375
0 0.43359375 0.8 0.11875 0.109375
0 0.4140625 0.70703125 0.0125 0.0171875
0 0.49765625 0.71640625 0.146875 0.0984375
0 0.6375 0.7625 0.0671875 0.090625
0 0.68046875 0.79375 0.0140625 0.025
0 0.73359375 0.759375 0.028125 0.0359375
0 0.6375 0.6390625 0.0171875 0.0203125
0 0.56015625 0.8828125 0.0453125 0.0125
0 0.603125 0.884375 0.015625 0.0109375
0 0.63984375 0.8859375 0.0171875 0.0125
0 0.70390625 0.88515625 0.05625 0.0140625
0 0.7390625 0.9015625 0.065625 0.01875
0 0.8875 0.90703125 0.0546875 0.015625
0 0.89921875 0.85703125 0.0140625 0.0140625
0 0.8078125 0.89140625 0.0125 0.0140625