0 0.3234375 0.7609375 0.0421875 0.0640625
0 0.3953125 0.79921875 0.059375 0.0578125
0 0.49453125 0.73203125 0.0515625 0.05625
0 0.5453125 0.78046875 0.1078125 0.0546875
0 0.49921875 0.66640625 0.009375 0.0109375
0 0.7765625 0.5421875 0.0171875 0.015625
0 0.67734375 0.8140625 0.0625 0.015625
0 0.7421875 0.81171875 0.0125 0.009375
0 0.78203125 0.8078125 0.0515625 0.015625
0 0.82265625 0.8171875 0.0140625 0.0140625
0 0.84921875 0.81875 0.0265625 0.0171875
0 0.875 0.815625 0.0171875 0.0125
0 0.98359375 0.803125 0.0296875 0.025
0 0.92109375 0.80234375 0.015625 0.0109375
0 0.61328125 0.70234375 0.028125 0.03125
0 0.75078125 0.6765625 0.0265625 0.025
0 0.7328125 0.70703125 0.040625 0.025
0 0.59140625 0.65078125 0.1546875 0.0796875
0 0.74375 0.61953125 0.1359375 0.1296875