0 0.15078125 0.71171875 0.3015625 0.3375
0 0.7296875 0.765625 0.1515625 0.2046875
0 0.3390625 0.5765625 0.2765625 0.0890625
0 0.71640625 0.48125 0.296875 0.065625
0 0.51015625 0.6296875 0.0484375 0.0734375
0 0.54765625 0.73828125 0.0234375 0.0453125
0 0.1890625 0.42890625 0.03125 0.0203125
0 0.9265625 0.51640625 0.05 0.0171875
0 0.209375 0.4640625 0.0375 0.01875
0 0.2203125 0.48671875 0.065625 0.034375
0 0.30625 0.4875 0.04375 0.0234375
0 0.3109375 0.528125 0.0328125 0.0265625
0 0.371875 0.540625 0.046875 0.028125
0 0.16796875 0.51171875 0.0203125 0.0265625
0 0.5296875 0.85234375 0.0890625 0.1234375