0 0.3859375 0.84296875 0.040625 0.025
0 0.4328125 0.82890625 0.046875 0.0421875
0 0.553125 0.78515625 0.134375 0.10625
0 0.51953125 0.69296875 0.015625 0.0171875
0 0.60390625 0.69921875 0.159375 0.09375
0 0.74921875 0.740625 0.08125 0.0875
0 0.79609375 0.7703125 0.0171875 0.025
0 0.84375 0.734375 0.0328125 0.0359375
0 0.7296875 0.6171875 0.0203125 0.0203125
0 0.690625 0.86328125 0.046875 0.0109375
0 0.73359375 0.8640625 0.0171875 0.0109375
0 0.7703125 0.8640625 0.01875 0.0109375
0 0.83359375 0.8609375 0.0578125 0.0125
0 0.87109375 0.87578125 0.0671875 0.015625
0 0.99453125 0.8765625 0.0078125 0.015625
0 0.9375 0.8640625 0.0140625 0.0140625