0 0.2015625 0.52265625 0.090625 0.075
0 0.490625 0.68828125 0.059375 0.078125
0 0.378125 0.64453125 0.053125 0.034375
0 0.3078125 0.59609375 0.0203125 0.0234375
0 0.259375 0.5671875 0.021875 0.0265625
0 0.2421875 0.440625 0.0125 0.0234375
0 0.26640625 0.44296875 0.0203125 0.0359375
0 0.3234375 0.44375 0.03125 0.0296875
0 0.396875 0.46953125 0.096875 0.0640625
0 0.46328125 0.4796875 0.0203125 0.0203125
0 0.7515625 0.78203125 0.021875 0.03125
0 0.83203125 0.7390625 0.0296875 0.03125
0 0.615625 0.7875 0.184375 0.1625
0 0.71328125 0.67109375 0.009375 0.015625