0 0.12421875 0.76875 0.0375 0.0625
0 0.184375 0.81015625 0.05625 0.05625
0 0.3 0.74765625 0.0484375 0.0546875
0 0.33671875 0.79765625 0.10625 0.0515625
0 0.32109375 0.68203125 0.0078125 0.0109375
0 0.62578125 0.5703125 0.0171875 0.0140625
0 0.45859375 0.83671875 0.0609375 0.0125
0 0.5234375 0.83671875 0.0125 0.009375
0 0.56328125 0.834375 0.0515625 0.0125
0 0.60078125 0.8453125 0.0125 0.0140625
0 0.6265625 0.84765625 0.025 0.015625
0 0.65234375 0.84609375 0.015625 0.0109375
0 0.78125 0.83828125 0.065625 0.0203125
0 0.7015625 0.834375 0.0140625 0.0109375
0 0.42421875 0.72265625 0.0265625 0.0296875
0 0.56640625 0.70234375 0.025 0.0234375
0 0.540625 0.73203125 0.0390625 0.0234375
0 0.415625 0.67109375 0.15 0.0734375
0 0.5734375 0.6453125 0.128125 0.125