0 0.3296875 0.52734375 0.0921875 0.0765625
0 0.6515625 0.6984375 0.0625 0.078125
0 0.53203125 0.65234375 0.0546875 0.034375
0 0.45078125 0.603125 0.021875 0.0234375
0 0.396875 0.57265625 0.0234375 0.0265625
0 0.34765625 0.4453125 0.0140625 0.0234375
0 0.371875 0.4484375 0.021875 0.0359375
0 0.42734375 0.45 0.0328125 0.0296875
0 0.50390625 0.47734375 0.1 0.065625
0 0.57109375 0.4890625 0.021875 0.0203125
0 0.92734375 0.79609375 0.0234375 0.03125
0 0.9875 0.7546875 0.021875 0.034375
0 0.79765625 0.79921875 0.190625 0.165625
0 0.86171875 0.684375 0.0109375 0.015625