0 0.2984375 0.85078125 0.025 0.015625
0 0.33828125 0.84296875 0.01875 0.0140625
0 0.4234375 0.8171875 0.0109375 0.015625
0 0.4375 0.7953125 0.025 0.0265625
0 0.48984375 0.80390625 0.0765625 0.0546875
0 0.46015625 0.7578125 0.0265625 0.0328125
0 0.57578125 0.71015625 0.0140625 0.0265625
0 0.6484375 0.76171875 0.03125 0.065625
0 0.6796875 0.73046875 0.0390625 0.03125
0 0.76796875 0.7421875 0.0234375 0.03125
0 0.91484375 0.89140625 0.034375 0.0140625
0 0.95 0.8953125 0.021875 0.0109375
0 0.51875 0.71015625 0.1109375 0.109375
0 0.715625 0.78359375 0.009375 0.015625
0 0.7921875 0.8921875 0.009375 0.0125
0 0.353125 0.82734375 0.0109375 0.0140625