0 0.24453125 0.8421875 0.02421875 0.0140625
0 0.28515625 0.8328125 0.01796875 0.0140625
0 0.371875 0.80390625 0.01015625 0.015625
0 0.3875 0.78203125 0.0234375 0.02578125
0 0.4390625 0.78828125 0.0734375 0.0515625
0 0.4125 0.74375 0.025 0.03125
0 0.53125 0.69140625 0.0125 0.02578125
0 0.60078125 0.740625 0.0265625 0.06484375
0 0.634375 0.70859375 0.03671875 0.0296875
0 0.721875 0.7171875 0.02109375 0.03046875
0 0.859375 0.86171875 0.03359375 0.01328125
0 0.89453125 0.8640625 0.021875 0.01015625
0 0.47421875 0.69375 0.10390625 0.10625
0 0.6671875 0.76015625 0.0078125 0.01484375
0 0.73671875 0.86640625 0.00859375 0.01171875
0 0.30078125 0.8171875 0.009375 0.0140625