0 0.11015625 0.85625 0.040625 0.0265625
0 0.16171875 0.84375 0.0453125 0.04375
0 0.296875 0.8078125 0.1328125 0.1125
0 0.29375 0.7140625 0.015625 0.0171875
0 0.3765625 0.72421875 0.159375 0.1
0 0.509375 0.7734375 0.0796875 0.090625
0 0.546875 0.80546875 0.0171875 0.0265625
0 0.60703125 0.77265625 0.0328125 0.0375
0 0.53046875 0.65 0.01875 0.0203125
0 0.41015625 0.8921875 0.046875 0.0140625
0 0.453125 0.8953125 0.0171875 0.0109375
0 0.48984375 0.896875 0.01875 0.0125
0 0.5546875 0.89765625 0.0578125 0.015625
0 0.5875 0.9140625 0.0671875 0.01875
0 0.7359375 0.921875 0.05625 0.0171875
0 0.75703125 0.87265625 0.015625 0.0140625
0 0.65859375 0.90546875 0.0140625 0.0140625