0 0.23125 0.69921875 0.36875 0.315625
0 0.84921875 0.7140625 0.1421875 0.1953125
0 0.4328125 0.55078125 0.2734375 0.071875
0 0.7875 0.43203125 0.2953125 0.046875
0 0.61015625 0.59296875 0.0453125 0.0703125
0 0.665625 0.6984375 0.0203125 0.04375
0 0.0421875 0.4109375 0.0265625 0.025
0 0.26015625 0.41328125 0.03125 0.01875
0 0.98671875 0.453125 0.0234375 0.015625
0 0.2859375 0.44765625 0.0359375 0.0171875
0 0.30078125 0.46953125 0.0640625 0.0296875
0 0.38515625 0.46484375 0.0421875 0.0203125
0 0.396875 0.5046875 0.03125 0.025
0 0.459375 0.51328125 0.0453125 0.025
0 0.25390625 0.49765625 0.0203125 0.025
0 0.66796875 0.81328125 0.084375 0.11875