0 0.12109375 0.8546875 0.0265625 0.015625
0 0.16328125 0.84765625 0.0203125 0.015625
0 0.25390625 0.8234375 0.0125 0.015625
0 0.27265625 0.80234375 0.0265625 0.0265625
0 0.3234375 0.8109375 0.08125 0.0546875
0 0.30390625 0.765625 0.0296875 0.0328125
0 0.4296875 0.71953125 0.015625 0.0265625
0 0.4921875 0.771875 0.0359375 0.065625
0 0.53046875 0.7421875 0.040625 0.03125
0 0.6171875 0.7546875 0.025 0.03125
0 0.7328125 0.90703125 0.0359375 0.015625
0 0.76796875 0.9109375 0.0234375 0.0109375
0 0.37265625 0.71875 0.11875 0.1109375
0 0.55546875 0.7953125 0.009375 0.015625
0 0.61015625 0.9046875 0.0109375 0.0125
0 0.18125 0.8328125 0.0109375 0.0140625