0 0.20703125 0.6953125 0.3578125 0.3078125
0 0.82578125 0.6953125 0.1359375 0.1921875
0 0.4140625 0.54140625 0.271875 0.065625
0 0.7734375 0.4140625 0.29375 0.0390625
0 0.58984375 0.5796875 0.04375 0.06875
0 0.6421875 0.68359375 0.01875 0.04375
0 0.02734375 0.41015625 0.025 0.0234375
0 0.24609375 0.4078125 0.0296875 0.0171875
0 0.9796875 0.43046875 0.0375 0.0140625
0 0.2703125 0.44140625 0.0359375 0.015625
0 0.284375 0.46328125 0.0640625 0.028125
0 0.36953125 0.45625 0.0421875 0.01875
0 0.3796875 0.49609375 0.0296875 0.0234375
0 0.4421875 0.503125 0.0453125 0.0234375
0 0.23671875 0.4921875 0.01875 0.025
0 0.63984375 0.7984375 0.0796875 0.1171875