0 0.55546875 0.5328125 0.3875 0.09375
0 0.6125 0.6 0.40625 0.0890625
0 0.63671875 0.62578125 0.35 0.075
0 0.73515625 0.66875 0.390625 0.09375
0 0.98125 0.7125 0.034375 0.078125
0 0.921875 0.55390625 0.153125 0.0640625
0 0.90546875 0.7828125 0.1859375 0.125
0 0.55234375 0.7484375 0.153125 0.0515625
0 0.63984375 0.8296875 0.1984375 0.1328125
0 0.76953125 0.80703125 0.040625 0.028125
0 0.565625 0.89609375 0.0359375 0.03125
0 0.65234375 0.92734375 0.0828125 0.0546875
0 0.44453125 0.66953125 0.0484375 0.06875
0 0.31328125 0.5140625 0.03125 0.025
0 0.3421875 0.42890625 0.0875 0.0328125
0 0.41484375 0.30703125 0.06875 0.03125
0 0.33125 0.33046875 0.0625 0.053125
0 0.69921875 0.534375 0.1609375 0.046875