0 0.1953125 0.67265625 0.209375 0.03515625
0 0.121875 0.746875 0.0171875 0.01953125
0 0.23203125 0.71484375 0.03046875 0.02109375
0 0.44296875 0.7140625 0.065625 0.04296875
0 0.6 0.7328125 0.04765625 0.03125
0 0.6640625 0.72265625 0.05625 0.04140625
0 0.728125 0.7171875 0.028125 0.02890625
0 0.771875 0.709375 0.02734375 0.02734375
0 0.82734375 0.696875 0.02265625 0.02109375
0 0.69296875 0.67109375 0.04375 0.021875
0 0.525 0.69609375 0.0578125 0.02734375
0 0.1453125 0.565625 0.03046875 0.0140625
0 0.41328125 0.68046875 0.01640625 0.01171875