0 0.5421875 0.4875 0.3859375 0.059375
0 0.59765625 0.55 0.40625 0.053125
0 0.62109375 0.57421875 0.3484375 0.04375
0 0.71953125 0.60859375 0.390625 0.059375
0 0.9734375 0.628125 0.05 0.071875
0 0.9140625 0.47578125 0.1578125 0.0484375
0 0.896875 0.70546875 0.203125 0.1046875
0 0.5328125 0.70546875 0.153125 0.0390625
0 0.61796875 0.7796875 0.1953125 0.1171875
0 0.74921875 0.7453125 0.040625 0.025
0 0.54140625 0.853125 0.034375 0.028125
0 0.628125 0.87734375 0.08125 0.046875
0 0.42734375 0.6359375 0.0453125 0.0640625
0 0.29921875 0.490625 0.0296875 0.021875
0 0.33125 0.40234375 0.0875 0.025
0 0.4078125 0.27265625 0.0671875 0.025
0 0.32265625 0.30390625 0.0625 0.0484375
0 0.68671875 0.47578125 0.159375 0.0328125