0 0.203125 0.6484375 0.209375 0.0609375
0 0.13046875 0.73203125 0.0171875 0.021875
0 0.240625 0.68671875 0.03125 0.025
0 0.4515625 0.659375 0.065625 0.0515625
0 0.60859375 0.659375 0.0484375 0.0375
0 0.67265625 0.64140625 0.05625 0.0484375
0 0.73671875 0.628125 0.028125 0.0328125
0 0.78046875 0.61484375 0.028125 0.03125
0 0.83515625 0.5953125 0.0234375 0.0234375
0 0.70078125 0.5859375 0.04375 0.0265625
0 0.5328125 0.63125 0.0578125 0.034375
0 0.1515625 0.54765625 0.03125 0.0171875
0 0.42109375 0.6296875 0.0171875 0.0140625