0 0.12890625 0.6921875 0.2125 0.05625
0 0.04765625 0.75859375 0.01875 0.021875
0 0.1609375 0.7375 0.0328125 0.0234375
0 0.371875 0.7578125 0.0703125 0.05
0 0.52734375 0.7921875 0.05 0.0359375
0 0.5921875 0.78828125 0.0609375 0.046875
0 0.65703125 0.7890625 0.03125 0.03125
0 0.7015625 0.7859375 0.0296875 0.0296875
0 0.7578125 0.77890625 0.025 0.0234375
0 0.6265625 0.73984375 0.0453125 0.0265625
0 0.45625 0.7484375 0.0609375 0.0328125
0 0.0890625 0.5796875 0.03125 0.0171875
0 0.34609375 0.72109375 0.0171875 0.0140625