0 0.50859375 0.44609375 0.384375 0.028125
0 0.559375 0.5046875 0.4046875 0.0203125
0 0.58125 0.5265625 0.34765625 0.015625
0 0.67734375 0.553125 0.38828125 0.028125
0 0.953125 0.55 0.0859375 0.0625
0 0.88359375 0.40390625 0.1546875 0.0359375
0 0.871875 0.634375 0.240625 0.0828125
0 0.48203125 0.66640625 0.15078125 0.0265625
0 0.5625 0.73359375 0.1875 0.1015625
0 0.696875 0.68828125 0.0390625 0.021875
0 0.4796875 0.8140625 0.0328125 0.025
0 0.56484375 0.83125 0.078125 0.040625
0 0.38125 0.6046875 0.04140625 0.0609375
0 0.2640625 0.46875 0.02890625 0.01953125
0 0.30234375 0.37734375 0.0859375 0.01875
0 0.38984375 0.240625 0.06640625 0.01953125
0 0.3015625 0.27890625 0.05859375 0.04375
0 0.6546875 0.42265625 0.15859375 0.0203125