0 0.4953125 0.44921875 0.3859375 0.0296875
0 0.54453125 0.5078125 0.4046875 0.0234375
0 0.565625 0.5296875 0.3484375 0.0171875
0 0.6609375 0.55703125 0.3890625 0.0296875
0 0.9375 0.55546875 0.0875 0.0625
0 0.871875 0.409375 0.15625 0.0375
0 0.853125 0.6390625 0.24375 0.084375
0 0.4625 0.66953125 0.1515625 0.028125
0 0.54140625 0.73671875 0.190625 0.103125
0 0.6765625 0.6921875 0.0390625 0.021875
0 0.45625 0.8171875 0.0328125 0.025
0 0.540625 0.834375 0.0796875 0.040625
0 0.36328125 0.60703125 0.04375 0.0609375
0 0.25078125 0.4703125 0.0296875 0.0203125
0 0.29140625 0.37890625 0.0859375 0.01875
0 0.3828125 0.24296875 0.0671875 0.0203125
0 0.29375 0.28046875 0.059375 0.04375
0 0.6421875 0.4265625 0.159375 0.021875