0 0.1640625 0.6953125 0.2109375 0.059375
0 0.08671875 0.7609375 0.01875 0.021875
0 0.1984375 0.7421875 0.03125 0.025
0 0.409375 0.765625 0.0671875 0.05
0 0.565625 0.803125 0.0484375 0.0375
0 0.63046875 0.8 0.0578125 0.0484375
0 0.69453125 0.80234375 0.0296875 0.0328125
0 0.7390625 0.79921875 0.028125 0.03125
0 0.79453125 0.79375 0.0234375 0.0234375
0 0.66171875 0.75234375 0.0453125 0.0265625
0 0.49296875 0.7578125 0.059375 0.034375
0 0.11875 0.5828125 0.03125 0.0171875
0 0.38125 0.72890625 0.0171875 0.0140625