0 0.02421875 0.45390625 0.01875 0.09375
0 0.16171875 0.45859375 0.0328125 0.1
0 0.321875 0.54140625 0.0234375 0.14375
0 0.384375 0.54453125 0.0171875 0.125
0 0.20546875 0.5515625 0.0234375 0.1328125
0 0.42578125 0.55859375 0.034375 0.0859375
0 0.5921875 0.56796875 0.01875 0.1109375
0 0.61640625 0.56796875 0.0203125 0.1328125
0 0.2625 0.5734375 0.0390625 0.15
0 0.05390625 0.575 0.0203125 0.078125
0 0.49140625 0.57890625 0.0484375 0.15
0 0.8296875 0.5890625 0.0234375 0.15
0 0.5578125 0.59140625 0.0234375 0.1046875
0 0.15546875 0.59453125 0.0171875 0.0703125
0 0.3015625 0.59609375 0.015625 0.11875
0 0.0859375 0.6015625 0.034375 0.09375
0 0.58046875 0.60703125 0.0265625 0.1359375
0 0.35859375 0.6125 0.0203125 0.10625
0 0.1859375 0.6125 0.0171875 0.0703125
0 0.6765625 0.61640625 0.01875 0.096875
0 0.7265625 0.63203125 0.015625 0.1
0 0.96796875 0.64296875 0.04375 0.1390625
0 0.75625 0.64453125 0.03125 0.1328125
0 0.80859375 0.6484375 0.0203125 0.1140625
0 0.45546875 0.65859375 0.0109375 0.0859375
0 0.8578125 0.6609375 0.015625 0.096875
0 0.8921875 0.6734375 0.015625 0.1109375
0 0.8875 0.74609375 0.03125 0.1078125